4 2 2 2
2 3 3 3 3
4
1 7 14
2 10 20
3 13 26
4 16 32
5 19 38
6 22 44
7 25 50
8 28 56
9 31 62
10 34 68
75
R 0 N 1 3 25.0
R 1 V 2 2 50.0
R 2 G 3 4 30.0
R 3 N 4 1 15.0
R 4 E 5 2 40.0
R 5 N 6 3 20.0
R 6 V 7 1 60.0
R 7 G 8 5 35.0
R 8 N 9 2 18.0
R 9 E 10 3 45.0
R 10 N 11 4 22.0
R 11 V 12 2 55.0
R 12 G 13 3 32.0
R 13 N 14 1 16.0
R 14 E 15 4 50.0
R 15 N 16 2 19.0
R 16 V 17 3 65.0
R 17 G 18 4 38.0
R 18 N 19 1 17.0
R 19 E 20 2 42.0
R 20 N 21 3 21.0
R 21 V 22 1 70.0
R 22 G 23 5 40.0
R 23 N 24 2 23.0
R 24 E 25 3 48.0
X 5 1
P 6 2 75.0
E 7 26 2 55.0
R 25 N 27 4 26.0
R 26 V 28 2 58.0
R 27 G 29 3 34.0
R 28 N 30 1 19.0
R 29 E 31 4 52.0
X 10 5
P 12 6 80.0
E 13 32 3 60.0
R 30 N 33 2 24.0
R 31 V 34 3 68.0
R 32 G 35 4 41.0
R 33 N 36 1 20.0
R 34 E 37 2 44.0
R 35 N 38 3 25.0
R 36 V 39 1 72.0
R 37 G 40 5 43.0
R 38 N 41 2 27.0
R 39 E 42 3 51.0
X 15 10
P 18 11 85.0
E 19 43 4 65.0
R 40 N 44 4 28.0
R 41 V 45 2 61.0
R 42 G 46 3 36.0
R 43 N 47 1 22.0
R 44 E 48 4 54.0
R 45 N 49 2 29.0
R 46 V 50 3 71.0
R 47 G 51 4 45.0
R 48 N 52 1 24.0
R 49 E 53 2 46.0
X 20 15
P 22 16 90.0
E 23 54 1 70.0
R 50 N 55 3 31.0
R 51 V 56 2 64.0
R 52 G 57 4 39.0
R 53 N 58 1 26.0
R 54 E 59 3 56.0
R 55 N 60 2 33.0
R 56 V 61 3 74.0
R 57 G 62 5 47.0
R 58 N 63 1 28.0
R 59 E 64 2 49.0
X 25 20
P 27 21 95.0
E 28 65 4 75.0
R 60 N 66 4 35.0
R 61 V 67 2 67.0
R 62 G 68 3 42.0
R 63 N 69 1 30.0
R 64 E 70 4 58.0
R 65 N 71 2 37.0
R 66 V 72 3 76.0
R 67 G 73 4 49.0
R 68 N 74 1 32.0
R 69 E 75 2 51.0 