3 2 2 1
3 4 4 4 4
3
1 6 12
2 9 18
3 12 24
4 15 30
5 18 36
6 21 42
7 24 48
8 27 54
50
R 0 N 1 3 25.0
R 1 V 2 2 50.0
R 2 G 3 4 30.0
R 3 N 4 1 15.0
R 4 E 5 2 40.0
R 5 N 6 3 20.0
R 6 V 7 1 60.0
R 7 G 8 5 35.0
R 8 N 9 2 18.0
R 9 E 10 3 45.0
R 10 N 11 4 22.0
R 11 V 12 2 55.0
R 12 G 13 3 32.0
R 13 N 14 1 16.0
R 14 E 15 4 50.0
R 15 N 16 2 19.0
R 16 V 17 3 65.0
R 17 G 18 4 38.0
R 18 N 19 1 17.0
R 19 E 20 2 42.0
R 20 N 21 3 21.0
R 21 V 22 1 70.0
R 22 G 23 5 40.0
R 23 N 24 2 23.0
R 24 E 25 3 48.0
X 5 1
P 6 2 75.0
R 25 N 26 4 26.0
R 26 V 27 2 58.0
R 27 G 28 3 34.0
R 28 N 29 1 19.0
R 29 E 30 4 52.0
X 10 5
P 12 6 80.0
R 30 N 31 2 24.0
R 31 V 32 3 68.0
R 32 G 33 4 41.0
R 33 N 34 1 20.0
R 34 E 35 2 44.0
R 35 N 36 3 25.0
R 36 V 37 1 72.0
R 37 G 38 5 43.0
R 38 N 39 2 27.0
R 39 E 40 3 51.0
X 15 10
P 18 11 85.0
R 40 N 41 4 28.0
R 41 V 42 2 61.0
R 42 G 43 3 36.0
R 43 N 44 1 22.0
R 44 E 45 4 54.0
R 45 N 46 2 29.0
R 46 V 47 3 71.0
R 47 G 48 4 45.0
R 48 N 49 1 24.0
R 49 E 50 2 46.0 